99 99 99 99 99 99 99 99 99 99 99 99 99 99 99 99 99 99 99 99 99 99 99 99 99 99 99 99 99 99 99 99 99 99 99 99 99 99 99 99
99 99 99 99 99 99 99 99 99 99 99 99 99 99 99 99 99 99 99 99 99 99 99 99 99 99 99 99 99 99 99 99 99 99 99 99 99 99 99 99
99 99 99 99 99 99 99 99 99 99 99 99 99 99 99 99 99 99 99 99 99 99 99 99 99 99 99 99 99 99 99 99 99 99 99 99 99 99 99 99
99 99 99 99 99 99 99 99 99 99 99 99 99 99 99 99 99 99 99 99 99 99 99 99 99 99 99 99 99 99 99 99 99 99 99 99 99 99 99 99
99 99 99 99 99 99 99 99 99 99 99 99 99 99 99 99 99 99 99 99 99 99 99 99 99 99 99 99 99 99 99 99 99 99 99 99 99 99 99 99
99 99 99 99 99 99 51 43 43 43 43 43 43 43 43 43 43 43 43 43 43 43 43 43 43 43 43 43 43 43 43 43 43 43 43 50 99 99 99 99
99 99 99 99 99 99 41 01 01 01 01 01 01 01 01 01 01 01 01 01 01 01 01 01 01 01 01 01 01 01 01 01 01 01 01 40 99 99 99 99
99 99 99 99 99 99 41 01 01 01 01 01 01 01 01 01 01 01 01 01 01 01 01 01 01 01 01 01 01 01 01 01 01 01 01 40 99 99 99 99
99 99 99 99 99 99 41 01 01 01 01 01 01 01 01 01 01 01 01 01 01 01 01 01 01 01 01 01 01 01 01 01 01 01 01 40 99 99 99 99
99 99 99 99 99 99 41 01 01 01 01 01 01 01 01 01 01 01 01 01 01 01 01 01 01 01 01 01 01 01 01 01 01 01 01 40 99 99 99 99
99 99 99 99 99 99 41 01 01 01 01 01 01 01 01 01 01 01 01 01 01 01 01 01 01 01 01 01 01 01 01 01 01 01 01 40 99 99 99 99
99 99 99 99 99 99 41 01 01 01 01 01 01 01 01 01 01 01 01 01 01 01 01 01 01 01 01 01 01 01 01 01 01 01 01 40 99 99 99 99
99 99 99 99 99 99 41 01 01 01 01 01 01 01 01 01 01 01 01 01 01 01 01 01 01 01 01 01 01 01 01 01 01 01 01 40 99 99 99 99
99 99 99 99 99 99 41 01 01 01 01 01 01 01 01 01 01 01 01 01 01 01 01 01 01 01 01 01 01 01 01 01 01 01 01 40 99 99 99 99
99 99 99 99 99 99 41 01 01 01 01 01 01 01 01 01 01 01 01 01 01 01 01 01 01 01 01 01 01 01 01 01 01 01 01 40 99 99 99 99
99 99 99 99 99 99 41 01 01 01 01 01 01 01 01 01 01 01 01 01 01 01 01 01 01 01 01 01 01 01 01 01 01 01 01 40 99 99 99 99
99 99 99 99 99 99 41 01 01 01 01 01 01 01 01 01 01 01 01 01 01 01 01 01 01 01 01 01 01 01 01 01 01 01 01 40 99 99 99 99
99 99 99 99 99 99 41 01 01 01 01 01 01 19 01 01 01 01 01 01 01 18 18 18 18 18 18 01 01 01 01 01 01 01 01 40 99 99 99 99
99 99 99 99 99 99 41 01 01 01 01 01 01 01 01 01 01 01 01 01 01 18 19 19 19 19 18 01 01 01 01 01 01 01 01 40 99 99 99 99
99 99 99 99 99 99 41 01 01 01 01 01 01 01 01 01 01 01 01 01 01 18 19 19 19 19 18 01 01 01 01 01 01 01 01 40 99 99 99 99
99 99 99 99 99 99 41 01 01 01 01 01 01 01 01 01 01 01 01 01 01 18 19 19 19 19 18 01 01 01 01 01 01 01 01 40 99 99 99 99
99 99 99 99 99 99 41 01 01 01 01 01 01 01 01 01 01 01 01 01 01 18 18 18 18 18 18 01 01 01 01 01 01 01 01 40 99 99 99 99
99 99 99 99 99 99 41 01 01 01 01 01 01 01 01 01 01 01 01 01 01 01 01 01 01 01 01 01 01 01 01 01 01 01 01 40 99 99 99 99
99 99 99 99 99 99 41 01 01 01 01 01 01 01 01 01 01 01 01 01 01 01 01 01 01 01 01 01 01 01 01 01 01 01 01 40 99 99 99 99
99 99 99 99 99 99 41 01 01 01 01 01 01 01 01 01 01 01 01 01 01 01 01 01 01 01 01 01 01 01 01 01 01 01 01 40 99 99 99 99
99 99 99 99 99 99 41 01 01 01 01 01 01 01 01 01 01 01 01 01 01 01 01 01 01 01 01 01 01 01 01 01 01 01 01 40 99 99 99 99
99 99 99 99 99 99 41 01 01 01 01 01 01 01 01 01 01 01 01 01 01 01 01 01 01 01 01 01 01 01 01 01 01 01 01 40 99 99 99 99
99 99 99 99 99 99 41 01 01 01 01 01 01 01 01 01 01 01 01 01 01 01 01 01 01 01 01 01 01 01 01 01 01 01 01 40 99 99 99 99
99 99 99 99 99 99 41 01 01 01 01 01 01 01 01 01 01 01 01 01 01 01 01 01 01 01 01 01 01 01 01 01 01 01 01 40 99 99 99 99
99 99 99 99 99 99 41 01 01 01 01 01 01 01 01 01 01 01 01 01 01 01 01 01 01 01 01 01 01 01 01 01 01 01 01 40 99 99 99 99
99 99 99 99 99 99 41 01 01 01 01 01 01 01 01 01 01 01 01 01 01 01 01 01 01 01 01 01 01 01 01 01 01 01 01 40 99 99 99 99
99 99 99 99 99 99 41 01 01 01 01 01 01 01 01 01 01 01 01 01 01 01 01 01 01 01 01 01 01 01 01 01 01 01 01 40 99 99 99 99
99 99 99 99 99 99 41 01 01 01 01 01 01 01 01 01 01 01 01 01 01 01 01 01 01 01 01 01 01 01 01 01 01 01 01 40 99 99 99 99
99 99 99 99 99 99 41 01 01 01 01 01 01 01 01 01 01 01 01 01 01 01 01 01 01 01 01 01 01 01 01 01 01 01 01 40 99 99 99 99
99 99 99 99 99 99 41 01 01 01 01 01 01 01 01 01 01 01 01 01 01 01 01 01 01 01 01 01 01 01 01 01 01 01 01 40 99 99 99 99
99 99 99 99 99 99 41 01 01 01 01 01 01 01 01 01 01 01 01 01 01 01 01 01 01 01 01 01 01 01 01 01 01 01 01 40 99 99 99 99
99 99 99 99 99 99 41 01 01 01 01 01 01 01 01 01 01 01 01 01 01 01 01 01 01 01 01 01 01 01 01 01 01 01 01 40 99 99 99 99
99 99 99 99 99 99 41 01 01 01 01 01 01 01 01 01 01 01 01 01 01 01 01 01 01 01 01 01 01 01 01 01 01 01 01 40 99 99 99 99
99 99 99 99 99 99 41 01 01 01 01 01 01 01 01 01 01 01 01 01 01 01 01 01 01 01 01 01 01 01 01 01 01 01 01 40 99 99 99 99
99 99 99 99 99 99 41 01 01 01 01 01 01 01 01 01 01 01 01 01 01 01 01 01 01 01 01 01 01 01 01 01 01 01 01 40 99 99 99 99
99 99 99 99 99 99 41 01 01 01 01 01 01 01 01 01 01 01 01 01 01 01 01 01 01 01 01 01 01 01 01 01 01 01 01 40 99 99 99 99
99 99 99 99 99 99 99 99 99 99 99 99 99 99 99 01 01 01 01 01 01 01 01 01 01 01 01 01 01 01 01 01 01 01 01 40 99 99 99 99
99 99 99 99 99 99 99 99 99 99 99 99 99 99 99 01 01 01 01 01 01 01 01 01 01 01 01 01 01 01 01 01 01 01 01 40 99 99 99 99
99 99 99 99 99 99 99 99 99 99 99 99 99 99 99 01 01 01 01 01 01 01 01 01 01 01 01 01 01 01 01 01 01 01 01 40 99 99 99 99
99 99 99 99 99 99 99 99 99 99 99 99 99 99 99 01 01 01 01 01 01 01 01 01 01 01 01 01 01 01 01 01 01 01 01 40 99 99 99 99
99 99 99 99 99 99 99 99 99 99 99 99 99 99 99 01 01 01 01 01 01 01 01 01 01 01 01 01 01 01 01 01 01 01 01 40 99 99 99 99
99 99 99 99 99 99 99 99 99 99 99 99 99 99 99 01 01 01 01 01 01 01 01 01 01 01 01 01 01 01 01 01 01 01 01 40 99 99 99 99
99 99 51 43 43 43 43 43 43 43 43 50 99 99 99 01 01 01 01 01 01 01 01 01 01 01 01 01 01 01 01 01 01 01 01 40 99 99 99 99
99 99 41 19 19 19 19 18 01 01 01 40 99 99 99 01 01 01 01 01 01 01 01 01 01 01 01 01 01 01 01 01 01 01 01 40 99 99 99 99
99 99 41 19 19 19 01 18 01 18 18 40 99 99 99 01 01 01 01 01 01 01 01 01 01 01 01 01 01 01 01 01 01 01 01 40 99 99 99 99
99 99 41 19 19 19 19 01 01 19 19 40 99 99 99 01 01 01 01 01 01 01 01 01 01 01 01 01 01 01 01 01 01 01 01 40 99 99 99 99
99 99 41 19 19 19 19 18 18 18 01 40 99 99 99 41 01 01 01 01 01 01 01 01 01 01 01 01 01 01 01 01 01 01 01 40 99 99 99 99
99 99 41 19 19 19 19 18 18 01 01 40 24 24 24 41 01 01 01 01 01 01 01 01 01 01 01 01 01 01 01 01 01 01 01 40 99 99 99 99
99 99 41 19 19 19 19 18 01 01 18 40 99 99 99 41 01 01 01 01 01 01 01 01 01 01 01 01 01 01 01 01 01 01 01 40 99 99 99 99
99 99 41 19 19 19 19 18 01 44 42 49 99 99 99 41 01 01 01 01 01 01 01 01 01 01 01 01 01 01 01 01 01 01 01 40 99 99 99 99
99 99 41 19 19 19 19 19 19 40 99 99 99 99 99 48 42 42 42 42 42 42 42 42 42 47 01 01 01 44 42 42 42 42 42 49 99 99 99 99
99 99 48 42 42 42 42 42 42 49 99 99 99 99 99 99 99 99 99 99 99 99 99 99 99 41 01 01 01 40 99 99 99 99 99 99 99 99 99 99
99 99 99 99 99 99 99 99 99 99 99 99 99 99 99 99 99 99 99 99 99 99 99 99 99 48 42 42 42 49 99 99 99 99 99 99 99 99 99 99
99 99 99 99 99 99 99 99 99 99 99 99 99 99 99 99 99 99 99 99 99 99 99 99 99 99 99 99 99 99 99 99 99 99 99 99 99 99 99 99
99 99 99 99 99 99 99 99 99 99 99 99 99 99 99 99 99 99 99 99 99 99 99 99 99 99 99 99 99 99 99 99 99 99 99 99 99 99 99 99
99 99 99 99 99 99 99 99 99 99 99 99 99 99 99 99 99 99 99 99 99 99 99 99 99 99 99 99 99 99 99 99 99 99 99 99 99 99 99 99